%YAML:1.0

image0_topic: "/cam0/image_raw"
image1_topic: "/cam1/image_raw"
output_path: "/home/shentao/code/sm_gvins_ws/src/output/euroc_state.txt"

image_width: 752
image_height: 480
distortion_parameters:
   k1: -2.9545645106987750e-01
   k2: 8.6623215640186171e-02
   p1: 2.0132892276082517e-06
   p2: 1.3924531371276508e-05
projection_parameters:
   fx: 4.6115862106007575e+02
   fy: 4.5975286598073296e+02
   cx: 3.6265929181685937e+02
   cy: 2.4852105668448124e+02

body_T_cam0: !!opencv-matrix
   rows: 4
   cols: 4
   dt: d
   data: [0.0148655429818, -0.999880929698, 0.00414029679422, -0.0216401454975,
           0.999557249008, 0.0149672133247, 0.025715529948,  -0.064676986768,
           -0.0257744366974, 0.00375618835797, 0.999660727178, 0.00981073058949,
           0, 0, 0, 1]

body_T_cam1: !!opencv-matrix
   rows: 4
   cols: 4
   dt: d
   data: [0.0125552670891, -0.999755099723, 0.0182237714554, -0.0198435579556,
           0.999598781151, 0.0130119051815, 0.0251588363115, 0.0453689425024,
          -0.0253898008918, 0.0179005838253, 0.999517347078, 0.00786212447038,
          0, 0, 0, 1]

#Multiple thread support
multiple_thread: 1

#feature traker paprameters
max_cnt: 150            # max feature number in feature tracking
min_dist: 30            # min distance between two features 
freq: 10                # frequence (Hz) of publish tracking result. At least 10Hz for good estimation. If set 0, the frequence will be same as raw image 
F_threshold: 1.0        # ransac threshold (pixel)
show_track: 1           # publish tracking image as topic
flow_back: 1            # perform forward and backward optical flow to improve feature tracking accuracy

#optimization parameters
max_solver_time: 0.04  # max solver itration time (ms), to guarantee real time
max_num_iterations: 8   # max solver itrations, to guarantee real time
keyframe_parallax: 10.0 # keyframe selection threshold (pixel)
